1.3346190367196145,1.2998207634139063
1.5100719618721143,3.4555305211202696
1.5762804012688458,5.401614046691895
1.4123117085994643,7.4467538979774
1.5069687344251725,9.405715849637712
1.361422818220387,11.508258154917991
1.3582345756795056,13.595291858945561
1.4130441518351533,15.504927208915587
1.580670208905204,17.37483728575114
1.5359092880037726,19.457614794100174
3.512257653209471,1.4571221448480636
3.291535731302763,3.4077531654504813
3.4246300287270657,5.497745197595288
3.6719632980339525,7.591897651276084
3.5358423576722386,9.524919374984322
3.6319465725885864,11.473395035527808
3.481451689985336,13.421869195261735
3.384496593839714,15.597111473414982
3.434402339585798,17.52133638941666
3.4931684892062504,19.394703954772865
5.518651881463201,1.2970911445340525
5.3190558108897035,3.55815176904756
5.550516919060082,5.576602476920805
5.36375705895138,7.550219150125955
5.207118138906243,9.541473830906979
5.500993126556996,11.436765274642992
5.264352207258767,13.302073359974683
5.419644415276073,15.3453073588551
5.638559541573815,17.502590070022396
5.46983716517705,19.393590878756793
7.500968018283207,1.4316814643558973
7.368538862671251,3.27563400254459
7.554264835783061,5.4941456228949095
7.43207597973536,7.508250941228075
7.4827485391196475,9.502218046643447
7.428333881214192,11.526406966222666
7.483692259855226,13.492437343456977
7.308080282117512,15.301898044595797
7.527686357874046,17.45500566223283
7.367793445053315,19.432000890700852
9.423044641251082,1.5379084231861089
9.411495086897732,3.4364364049900877
9.47500594010977,5.478883260591556
9.496759557213263,7.473349092004203
9.361058603315566,9.501116141262447
9.4737712889118,11.492742566350346
9.510103994117298,13.465507334088898
9.468653453841183,15.515855349665136
9.501076166857276,17.42367536437875
9.497571191630291,19.41353177529898
11.618336891266187,1.4378669472531445
11.577613233948234,3.5463219143196483
11.422897787526667,5.399976763130724
11.448688244327268,7.529333287290121
11.330990782999981,9.46639926657109
11.401993407591918,11.206060096152482
11.531510877258567,13.438534085937732
11.500085167229745,15.446112633715448
11.318708353658694,17.47532886062252
11.592562399939432,19.545375021391024
13.382640332311377,1.5752111731480227
13.51122661652283,3.436323128686113
13.47619625825567,5.588444102298828
13.52811375590597,7.488303909965258
13.562897998145983,9.573670730641798
13.340911696821967,11.595448244731145
13.412559872715505,13.529785235885091
13.421993868551928,15.457849823527416
13.393988751726868,17.37542304036329
13.369804670526522,19.425888332488842
15.54708469872487,1.6368561778193302
15.580179357314481,3.4899095150929536
15.54588984871802,5.31534678085692
15.493377057631317,7.545668050221397
15.464742490100557,9.458234229118835
15.488937903113179,11.303068948620275
15.467942421482029,13.497845881527534
15.400918817798116,15.42421993930641
15.391638606198304,17.364246234423735
15.44002069460756,19.41952174364402
17.389772502141355,1.4198257711933377
17.372903024653546,3.2801893417466252
17.499451232525907,5.404507632472687
17.533280906476435,7.567262516042721
17.5693090815812,9.31553440046323
17.40454699704059,11.465242167574415
17.312564852855584,13.465306364657161
17.55011448526338,15.5037582942265
17.43633382978748,17.50270916850504
17.426653694517444,19.37490189641678
19.434847671994753,1.4856570756434961
19.40557301628104,3.5473028792647034
19.449873058237635,5.406955888646063
19.422825876188348,7.436267550583972
19.473615472223358,9.494620605684542
19.40731771283242,11.534555414525565
19.42796677359254,13.50964396403313
19.497174358941948,15.443579463949643
19.404065373724865,17.434894916575857
19.377575750780316,19.604258292547595
